12
0.0 1.3 3.7 5.4 6.7 2.3 5.8 4.5 8.9 1.6 1.8 4.6
1.3 0.0 2.1 3.2 4.9 1.5 7.2 4.6 9.5 1.2 2.7 6.5 
3.7 2.1 0.0 1.8 2.6 3.1 2.1 5.8 7.5 2.1 9.6 4.3
5.4 3.2 1.8 0.0 5.3 1.5 7.2 4.6 9.5 1.2 9.8 5.6
6.7 4.9 2.6 5.3 0.0 4.6 8.2 9.8 2.1 4.3 4.2 1.8
1.5 7.2 4.6 9.5 1.2 0.0 2.4 5.2 3.2 1.8 9.5 3.0
8.4 2.9 5.1 7.4 9.0 2.0 0.0 1.0 6.8 4.1 3.1 2.6
1.5 7.2 4.6 9.5 1.2 3.8 1.1 0.0 6.9 8.7 6.7 1.2
2.4 5.2 3.2 1.8 5.6 1.9 3.0 5.6 0.0 2.3 2.7 6.9
6.7 4.9 2.6 5.3 1.1 2.2 3.3 4.4 5.5 0.0 4.6 7.8
1.3 3.7 5.4 6.7 2.3 5.8 4.5 8.9 1.6 4.2 0.0 6.5
6.7 4.9 2.6 5.3 0.6 4.6 8.2 9.8 2.1 4.3 6.7 0.0